url
https://www.filmweb.pl/film/Zwierz%C4%99ta+Ameryki-2018-797361
https://www.filmweb.pl/film/Whitney+Houston%3A+I+Wanna+Dance+with+Somebody-2022-858051
https://www.filmweb.pl/film/Opowie%C5%9Bci+kanterberyjskie-1972-33490
https://www.filmweb.pl/film/Bia%C5%82y+cie%C5%84-2013-692527
https://www.filmweb.pl/film/Agent+Cody+Banks-2003-37516
https://www.filmweb.pl/film/Pelle+zwyci%C4%99zca-1987-120451
https://www.filmweb.pl/film/Kolor+zbrodni-2006-104008
https://www.filmweb.pl/film/Tajemnica+anio%C5%82a-2019-810408
https://www.filmweb.pl/film/%C5%9Alicznotka+z+Memphis-1990-34889
https://www.filmweb.pl/film/3000+mil+do+Graceland-2001-3495
