url
https://www.filmweb.pl/film/Beats+of+Freedom+-+Zew+wolno%C5%9Bci-2010-527751
https://www.filmweb.pl/film/Mi%C5%82o%C5%9B%C4%87+w+Seattle-2009-437652
https://www.filmweb.pl/film/Wysokie+obcasy-1991-11822
https://www.filmweb.pl/film/Dziewczyny-2014-651915
https://www.filmweb.pl/film/Iron+Sky.+Inwazja-2019-727178
https://www.filmweb.pl/film/Wulkan-1997-563
https://www.filmweb.pl/film/Eden-2024-10022797
https://www.filmweb.pl/film/Miasto+cienia-2008-432128
https://www.filmweb.pl/film/Nell-1994-1226
https://www.filmweb.pl/film/Ninja+zab%C3%B3jca-2009-473756
